GRT_LABELLED_TIME_SERIES_CLASSIFICATION_DATA_FILE_V1.0
DatasetName: NOT_SET
InfoText: 
NumDimensions: 3
TotalNumTrainingExamples: 10
NumberOfClasses: 1
ClassIDsAndCounters: 
1	10
UseExternalRanges: 0
LabelledTimeSeriesTrainingData:
************TIME_SERIES************
ClassID: 1
TimeSeriesLength: 100
TimeSeriesData: 
311	186	0
311	186	0
311	186	0
311	186	0
311	186	0
311	186	0
311	186	0
311	186	0
311	186	0
311	186	0
311	186	0
311	186	0
311	186	0
311	186	0
311	186	0
311	186	0
311	186	0
311	186	0
311	186	0
311	186	0
311	186	0
311	186	0
311	186	0
311	186	0
311	186	0
311	186	0
311	186	0
311	186	0
311	186	0
311	186	0
311	186	0
311	186	0
311	186	0
311	186	0
311	186	0
311	186	0
412	413	0
418	415	0
421	416	0
426	418	0
430	421	0
432	426	0
432	426	0
422	424	1
418	422	1
402	409	1
390	390	1
393	363	1
413	359	1
431	368	1
449	394	1
454	417	1
451	455	1
446	473	1
423	507	1
410	511	1
399	502	1
398	478	1
409	445	1
414	434	1
435	399	1
467	362	1
473	359	1
489	368	1
492	396	1
491	429	1
487	469	1
488	476	1
489	478	1
495	469	1
509	433	1
521	402	1
530	377	1
541	359	1
546	354	1
549	363	1
549	387	1
549	412	1
549	423	1
550	464	1
550	472	1
551	478	1
552	475	1
556	453	1
565	416	1
596	351	1
631	321	1
663	316	1
751	342	0
779	358	0
779	358	0
779	358	0
779	358	0
779	358	0
779	358	0
779	358	0
779	358	0
779	358	0
779	358	0
779	358	0
************TIME_SERIES************
ClassID: 1
TimeSeriesLength: 91
TimeSeriesData: 
779	358	0
779	358	0
779	358	0
779	358	0
779	358	0
779	358	0
779	358	0
779	358	0
779	358	0
779	358	0
779	358	0
779	358	0
779	358	0
779	358	0
779	358	0
779	358	0
779	358	0
779	358	0
779	358	0
779	358	0
779	358	0
779	358	0
779	358	0
779	358	0
779	358	0
779	358	0
779	358	0
779	358	0
779	358	0
779	358	0
441	443	0
441	431	0
441	430	0
445	426	0
445	426	0
445	433	0
444	439	0
435	438	1
412	403	1
409	387	1
412	360	1
425	352	1
442	366	1
461	433	1
458	486	1
452	507	1
440	528	1
430	532	1
424	510	1
431	442	1
447	393	1
466	357	1
479	344	1
484	342	1
490	354	1
496	389	1
503	451	1
504	462	1
510	485	1
511	484	1
515	465	1
517	422	1
522	382	1
535	359	1
541	367	1
554	396	1
569	441	1
580	472	1
583	473	1
585	463	1
593	412	1
616	356	1
663	314	1
724	309	1
830	355	1
906	411	0
906	411	0
906	411	0
906	411	0
906	411	0
906	411	0
906	411	0
906	411	0
906	411	0
906	411	0
906	411	0
906	411	0
906	411	0
906	411	0
906	411	0
906	411	0
************TIME_SERIES************
ClassID: 1
TimeSeriesLength: 63
TimeSeriesData: 
906	411	0
906	411	0
906	411	0
906	411	0
445	405	0
445	405	0
441	403	0
434	403	0
428	405	0
423	410	0
419	416	0
416	422	0
416	426	0
416	427	0
422	428	0
428	428	0
432	429	0
434	434	0
430	435	1
412	425	1
396	399	1
395	365	1
408	348	1
427	346	1
444	367	1
447	379	1
449	429	1
436	488	1
399	540	1
388	540	1
376	526	1
374	487	1
400	403	1
421	374	1
443	366	1
458	393	1
461	408	1
466	456	1
469	485	1
469	456	1
476	421	1
503	432	1
532	444	1
553	433	1
565	410	1
583	356	1
624	311	1
738	336	1
838	408	0
913	482	0
951	525	0
951	525	0
951	525	0
951	525	0
951	525	0
951	525	0
951	525	0
951	525	0
951	525	0
951	525	0
951	525	0
951	525	0
951	525	0
************TIME_SERIES************
ClassID: 1
TimeSeriesLength: 78
TimeSeriesData: 
971	464	0
971	464	0
971	464	0
971	464	0
971	464	0
971	464	0
971	464	0
971	464	0
971	464	0
971	464	0
971	464	0
971	464	0
971	464	0
971	464	0
971	464	0
971	464	0
971	464	0
971	464	0
971	464	0
971	464	0
971	464	0
971	464	0
971	464	0
971	464	0
971	464	0
971	464	0
971	464	0
971	464	0
971	464	0
971	464	0
971	464	0
971	464	0
971	464	0
453	441	0
454	441	0
461	442	0
464	448	0
463	448	0
459	446	0
434	417	1
410	358	1
418	332	1
438	340	1
458	392	1
468	453	1
468	485	1
455	518	1
434	518	1
414	424	1
420	376	1
426	364	1
444	354	1
475	404	1
508	463	1
506	459	1
490	411	1
515	438	1
538	456	1
554	426	1
572	391	1
605	367	1
662	368	1
734	394	0
766	412	0
817	444	0
817	444	0
817	444	0
817	444	0
817	444	0
817	444	0
817	444	0
817	444	0
817	444	0
817	444	0
817	444	0
817	444	0
817	444	0
817	444	0
************TIME_SERIES************
ClassID: 1
TimeSeriesLength: 62
TimeSeriesData: 
817	444	0
817	444	0
817	444	0
406	425	0
407	423	0
407	423	0
410	427	0
411	432	0
411	434	0
411	434	0
411	434	0
411	434	0
411	434	0
400	455	0
400	443	0
409	420	0
413	415	0
433	391	0
439	389	0
456	394	0
466	419	0
464	428	1
435	442	1
409	414	1
397	367	1
411	322	1
440	311	1
450	316	1
470	351	1
481	426	1
457	536	1
448	550	1
426	563	1
419	540	1
420	486	1
438	383	1
448	361	1
482	362	1
504	426	1
522	485	1
529	510	1
524	489	1
520	469	1
517	416	1
528	425	1
555	450	1
574	452	1
601	395	1
612	380	1
686	398	1
756	448	1
833	514	0
833	514	0
833	514	0
833	514	0
833	514	0
833	514	0
833	514	0
833	514	0
833	514	0
833	514	0
833	514	0
************TIME_SERIES************
ClassID: 1
TimeSeriesLength: 62
TimeSeriesData: 
833	514	0
833	514	0
833	514	0
833	514	0
833	514	0
833	514	0
833	514	0
833	514	0
833	514	0
833	514	0
833	514	0
833	514	0
833	514	0
833	514	0
833	514	0
833	514	0
833	514	0
833	514	0
460	400	0
472	398	0
478	409	0
475	429	1
457	434	1
445	427	1
416	375	1
413	331	1
420	311	1
443	297	1
470	320	1
483	386	1
477	454	1
457	506	1
436	533	1
426	523	1
429	422	1
435	398	1
462	341	1
498	335	1
512	393	1
523	451	1
524	462	1
524	464	1
520	427	1
530	401	1
556	409	1
566	404	1
617	369	1
691	343	1
723	343	1
878	373	0
878	373	0
878	373	0
878	373	0
878	373	0
878	373	0
878	373	0
878	373	0
878	373	0
878	373	0
878	373	0
878	373	0
878	373	0
************TIME_SERIES************
ClassID: 1
TimeSeriesLength: 61
TimeSeriesData: 
878	373	0
878	373	0
878	373	0
878	373	0
878	373	0
878	373	0
878	373	0
878	373	0
878	373	0
878	373	0
878	373	0
878	373	0
878	373	0
878	373	0
878	373	0
878	373	0
878	373	0
878	373	0
878	373	0
878	373	0
418	432	0
429	420	0
432	419	0
445	430	0
447	436	0
437	431	1
413	397	1
408	366	1
421	346	1
442	349	1
467	380	1
474	426	1
470	442	1
447	479	1
422	491	1
405	485	1
409	434	1
428	399	1
444	384	1
494	378	1
517	398	1
531	418	1
533	419	1
535	415	1
560	401	1
615	395	1
682	400	1
800	435	1
851	462	0
875	479	0
875	479	0
875	479	0
875	479	0
875	479	0
875	479	0
875	479	0
875	479	0
875	479	0
875	479	0
875	479	0
875	479	0
************TIME_SERIES************
ClassID: 1
TimeSeriesLength: 85
TimeSeriesData: 
875	479	0
875	479	0
875	479	0
875	479	0
875	479	0
875	479	0
875	479	0
875	479	0
875	479	0
875	479	0
875	479	0
875	479	0
875	479	0
875	479	0
875	479	0
875	479	0
875	479	0
875	479	0
875	479	0
875	479	0
875	479	0
875	479	0
875	479	0
401	466	0
413	454	0
416	451	0
424	443	0
435	432	0
436	430	0
440	424	0
443	415	0
444	411	0
448	410	0
450	413	0
450	421	0
449	425	0
448	428	1
430	432	1
424	429	1
413	414	1
410	390	1
414	367	1
425	341	1
442	333	1
462	344	1
479	408	1
478	436	1
470	480	1
458	511	1
450	521	1
450	513	1
451	470	1
458	420	1
475	364	1
502	328	1
506	329	1
510	350	1
515	390	1
521	438	1
524	465	1
525	449	1
519	392	1
521	378	1
533	405	1
553	446	1
571	463	1
576	456	1
589	409	1
654	354	1
710	375	1
755	402	0
813	447	0
852	486	0
852	486	0
852	486	0
852	486	0
852	486	0
852	486	0
852	486	0
852	486	0
852	486	0
852	486	0
852	486	0
852	486	0
852	486	0
************TIME_SERIES************
ClassID: 1
TimeSeriesLength: 63
TimeSeriesData: 
852	486	0
852	486	0
414	485	0
413	477	0
412	475	0
415	463	0
425	454	0
427	454	0
433	452	0
435	451	0
435	450	0
437	449	0
437	449	0
438	447	0
435	431	0
434	418	0
438	407	0
446	404	0
449	412	0
451	423	0
436	445	1
416	449	1
402	437	1
397	420	1
392	380	1
401	340	1
423	318	1
450	324	1
473	410	1
467	495	1
449	552	1
434	577	1
426	563	1
426	514	1
430	472	1
442	392	1
480	324	1
487	323	1
502	357	1
514	445	1
526	511	1
528	524	1
522	426	1
522	412	1
539	412	1
555	421	1
566	400	1
570	384	1
601	327	1
610	320	1
645	316	1
650	316	0
650	316	0
650	316	0
650	316	0
650	316	0
650	316	0
650	316	0
650	316	0
650	316	0
650	316	0
650	316	0
650	316	0
************TIME_SERIES************
ClassID: 1
TimeSeriesLength: 65
TimeSeriesData: 
458	415	0
456	410	0
455	408	0
455	406	0
458	405	0
459	404	0
458	403	1
458	399	1
458	398	0
457	397	0
459	399	0
459	399	0
462	401	0
462	401	0
461	401	0
459	401	0
454	403	0
453	409	0
452	411	0
454	413	0
456	405	0
463	403	0
471	404	0
471	415	0
465	421	0
447	419	1
436	411	1
433	405	1
434	392	1
442	376	1
461	361	1
476	354	1
488	359	1
487	369	1
482	395	1
464	459	1
453	490	1
442	505	1
440	504	1
443	478	1
450	442	1
454	427	1
480	377	1
488	370	1
505	363	1
518	392	1
520	420	1
518	444	1
517	448	1
516	450	1
516	435	1
518	413	1
531	419	1
567	428	1
576	416	1
588	385	1
595	368	1
612	355	1
663	369	1
692	386	0
692	386	0
692	386	0
692	386	0
692	386	0
692	386	0
