GRT_LABELLED_TIME_SERIES_CLASSIFICATION_DATA_FILE_V1.0
DatasetName: NOT_SET
InfoText: 
NumDimensions: 3
TotalNumTrainingExamples: 10
NumberOfClasses: 1
ClassIDsAndCounters: 
1	10
UseExternalRanges: 0
LabelledTimeSeriesTrainingData:
************TIME_SERIES************
ClassID: 1
TimeSeriesLength: 93
TimeSeriesData: 
661	394	0
661	394	0
661	394	0
661	394	0
661	394	0
661	394	0
661	394	0
661	394	0
661	394	0
661	394	0
661	394	0
661	394	0
661	394	0
661	394	0
661	394	0
661	394	0
661	394	0
661	394	0
661	394	0
661	394	0
661	394	0
661	394	0
405	428	0
405	436	0
396	448	0
385	456	0
375	461	0
363	461	0
362	457	0
385	449	0
419	421	1
423	415	1
438	386	1
436	365	1
419	375	1
396	403	1
389	417	1
389	435	1
400	434	1
443	413	1
463	402	1
482	396	1
484	397	1
469	418	1
458	428	1
449	434	1
450	431	1
481	407	1
500	397	1
521	394	1
521	400	1
507	416	1
502	420	1
505	419	1
522	411	1
582	389	1
612	382	1
643	388	1
644	394	1
623	405	1
609	393	0
606	388	1
590	368	1
590	362	1
592	362	0
592	362	0
592	362	0
592	362	0
592	362	0
592	362	0
592	362	0
592	362	0
592	362	0
592	362	0
592	362	0
592	362	0
592	362	0
592	362	0
592	362	0
592	362	0
592	362	0
592	362	0
592	362	0
592	362	0
592	362	0
592	362	0
592	362	0
592	362	0
592	362	0
592	362	0
592	362	0
592	362	0
592	362	0
************TIME_SERIES************
ClassID: 1
TimeSeriesLength: 134
TimeSeriesData: 
592	362	0
592	362	0
592	362	0
592	362	0
592	362	0
592	362	0
592	362	0
592	362	0
592	362	0
592	362	0
592	362	0
592	362	0
592	362	0
592	362	0
592	362	0
592	362	0
592	362	0
592	362	0
592	362	0
592	362	0
592	362	0
592	362	0
592	362	0
592	362	0
592	362	0
592	362	0
592	362	0
592	362	0
592	362	0
592	362	0
592	362	0
592	362	0
592	362	0
592	362	0
592	362	0
592	362	0
592	362	0
592	362	0
592	362	0
592	362	0
592	362	0
592	362	0
592	362	0
592	362	0
592	362	0
592	362	0
592	362	0
592	362	0
592	362	0
592	362	0
592	362	0
592	362	0
592	362	0
592	362	0
592	362	0
592	362	0
592	362	0
592	362	0
592	362	0
592	362	0
592	362	0
592	362	0
592	362	0
592	362	0
592	362	0
592	362	0
592	362	0
592	362	0
592	362	0
592	362	0
592	362	0
592	362	0
592	362	0
592	362	0
592	362	0
592	362	0
592	362	0
592	362	0
592	362	0
592	362	0
592	362	0
381	473	0
376	479	0
371	484	0
365	487	0
360	488	0
356	488	0
351	487	0
362	483	1
389	458	1
427	412	1
448	367	1
446	346	1
422	360	1
390	398	1
379	427	1
397	430	1
436	416	1
454	415	1
441	431	1
417	446	1
411	440	1
436	414	1
478	394	1
515	401	1
513	431	1
494	451	1
495	448	1
503	443	1
555	418	1
627	400	1
635	401	1
660	427	1
639	444	1
619	450	1
613	416	0
600	376	0
570	346	1
570	346	1
570	346	0
568	344	0
568	344	0
568	344	0
568	344	0
568	344	0
568	344	0
568	344	0
568	344	0
568	344	0
568	344	0
568	344	0
568	344	0
568	344	0
568	344	0
************TIME_SERIES************
ClassID: 1
TimeSeriesLength: 75
TimeSeriesData: 
568	344	0
568	344	0
568	344	0
568	344	0
568	344	0
568	344	0
568	344	0
568	344	0
568	344	0
568	344	0
568	344	0
568	344	0
568	344	0
568	344	0
568	344	0
568	344	0
568	344	0
568	344	0
568	344	0
568	344	0
377	459	0
370	466	0
355	489	0
354	494	0
357	495	1
413	441	1
433	413	1
449	387	1
457	369	1
459	363	1
456	363	1
443	373	1
424	393	1
407	412	1
395	427	1
390	436	1
392	439	1
403	436	1
422	427	1
445	416	1
459	410	1
473	407	1
479	409	1
479	409	1
454	437	1
438	438	1
451	418	1
494	388	1
530	378	1
537	383	1
518	413	1
505	423	1
504	423	1
523	414	1
541	407	1
588	395	1
606	394	1
616	403	1
603	400	0
591	383	0
577	368	1
579	363	0
579	363	0
579	363	0
579	363	0
579	363	0
579	363	0
579	363	0
579	363	0
579	363	0
579	363	0
579	363	0
579	363	0
579	363	0
579	363	0
************TIME_SERIES************
ClassID: 1
TimeSeriesLength: 125
TimeSeriesData: 
579	363	0
579	363	0
579	363	0
579	363	0
579	363	0
579	363	0
579	363	0
579	363	0
579	363	0
579	363	0
579	363	0
579	363	0
579	363	0
579	363	0
579	363	0
579	363	0
579	363	0
579	363	0
579	363	0
579	363	0
579	363	0
579	363	0
579	363	0
579	363	0
579	363	0
579	363	0
579	363	0
579	363	0
579	363	0
579	363	0
579	363	0
579	363	0
579	363	0
579	363	0
579	363	0
579	363	0
579	363	0
579	363	0
579	363	0
579	363	0
579	363	0
579	363	0
579	363	0
579	363	0
579	363	0
579	363	0
579	363	0
579	363	0
579	363	0
579	363	0
579	363	0
579	363	0
579	363	0
579	363	0
579	363	0
579	363	0
579	363	0
579	363	0
353	456	0
359	453	0
362	452	0
382	442	0
383	442	0
380	451	0
377	457	0
370	479	0
369	480	1
372	477	1
380	469	1
409	438	1
438	398	1
442	391	1
456	355	1
453	352	1
431	368	1
417	383	1
401	410	1
400	416	1
414	418	1
424	413	1
469	396	1
476	396	1
480	414	1
467	429	1
437	447	1
429	441	1
447	418	1
481	400	1
497	402	1
490	418	1
486	423	1
485	424	1
493	420	1
527	404	1
549	396	1
589	393	1
607	397	1
627	406	1
627	412	1
603	419	1
597	415	0
562	384	0
546	369	1
537	353	1
537	353	0
537	353	0
537	353	0
537	353	0
537	353	0
537	353	0
537	353	0
537	353	0
537	353	0
537	353	0
537	353	0
537	353	0
537	353	0
537	353	0
537	353	0
537	353	0
537	353	0
537	353	0
537	353	0
537	353	0
537	353	0
************TIME_SERIES************
ClassID: 1
TimeSeriesLength: 173
TimeSeriesData: 
537	353	0
537	353	0
537	353	0
537	353	0
537	353	0
537	353	0
537	353	0
537	353	0
537	353	0
537	353	0
537	353	0
537	353	0
537	353	0
537	353	0
537	353	0
537	353	0
537	353	0
537	353	0
537	353	0
537	353	0
537	353	0
537	353	0
537	353	0
537	353	0
537	353	0
537	353	0
537	353	0
537	353	0
537	353	0
537	353	0
537	353	0
537	353	0
537	353	0
537	353	0
537	353	0
537	353	0
537	353	0
537	353	0
537	353	0
537	353	0
537	353	0
537	353	0
537	353	0
537	353	0
537	353	0
537	353	0
537	353	0
537	353	0
537	353	0
537	353	0
537	353	0
537	353	0
537	353	0
537	353	0
537	353	0
537	353	0
537	353	0
537	353	0
537	353	0
537	353	0
537	353	0
537	353	0
537	353	0
537	353	0
537	353	0
537	353	0
537	353	0
537	353	0
537	353	0
537	353	0
537	353	0
537	353	0
537	353	0
537	353	0
537	353	0
537	353	0
537	353	0
537	353	0
537	353	0
537	353	0
537	353	0
537	353	0
537	353	0
537	353	0
537	353	0
537	353	0
537	353	0
537	353	0
537	353	0
537	353	0
537	353	0
537	353	0
537	353	0
537	353	0
537	353	0
537	353	0
537	353	0
537	353	0
537	353	0
537	353	0
537	353	0
537	353	0
537	353	0
537	353	0
537	353	0
537	353	0
537	353	0
537	353	0
537	353	0
537	353	0
537	353	0
537	353	0
537	353	0
537	353	0
537	353	0
537	353	0
537	353	0
537	353	0
537	353	0
537	353	0
537	353	0
537	353	0
396	460	0
396	460	0
389	451	0
388	450	0
370	441	0
364	441	0
346	454	0
344	457	1
355	455	1
375	446	1
422	412	1
449	375	1
451	359	1
421	374	1
390	407	1
382	420	1
387	428	1
427	416	1
465	409	1
468	410	1
441	435	1
431	429	1
437	417	1
475	389	1
515	378	1
528	394	1
509	421	1
494	429	1
511	418	1
559	400	1
591	402	1
607	414	1
607	423	1
584	414	1
569	399	0
556	369	0
542	341	1
540	333	1
540	333	0
540	333	0
540	333	0
540	333	0
540	333	0
540	333	0
540	333	0
540	333	0
540	333	0
540	333	0
540	333	0
540	333	0
540	333	0
************TIME_SERIES************
ClassID: 1
TimeSeriesLength: 84
TimeSeriesData: 
540	333	0
540	333	0
540	333	0
540	333	0
540	333	0
540	333	0
540	333	0
540	333	0
540	333	0
540	333	0
540	333	0
540	333	0
540	333	0
540	333	0
540	333	0
540	333	0
540	333	0
540	333	0
540	333	0
540	333	0
540	333	0
540	333	0
540	333	0
540	333	0
540	333	0
540	333	0
540	333	0
540	333	0
540	333	0
540	333	0
540	333	0
540	333	0
540	333	0
540	333	0
540	333	0
540	333	0
540	333	0
540	333	0
540	333	0
540	333	0
349	481	0
349	486	0
354	487	1
396	454	1
404	445	1
455	365	1
458	351	1
437	361	1
420	381	1
396	422	1
394	436	1
416	440	1
433	434	1
490	415	1
496	416	1
478	437	1
463	443	1
452	443	1
453	441	1
499	414	1
544	404	1
550	421	1
525	430	1
525	430	1
524	422	1
550	407	1
574	400	1
622	397	1
633	404	1
639	427	1
635	429	0
607	406	0
594	388	0
585	368	0
587	363	1
587	363	0
587	363	0
587	363	0
587	363	0
587	363	0
587	363	0
587	363	0
587	363	0
587	363	0
************TIME_SERIES************
ClassID: 1
TimeSeriesLength: 83
TimeSeriesData: 
587	363	0
587	363	0
587	363	0
587	363	0
587	363	0
587	363	0
587	363	0
587	363	0
587	363	0
587	363	0
587	363	0
587	363	0
587	363	0
587	363	0
587	363	0
587	363	0
587	363	0
587	363	0
587	363	0
587	363	0
587	363	0
587	363	0
587	363	0
587	363	0
587	363	0
587	363	0
587	363	0
587	363	0
587	363	0
587	363	0
587	363	0
587	363	0
587	363	0
587	363	0
587	363	0
587	363	0
587	363	0
587	363	0
402	454	0
397	456	0
375	468	0
359	481	0
346	491	0
347	496	0
386	463	1
432	400	1
452	351	1
446	345	1
417	380	1
396	421	1
399	436	1
436	420	1
483	403	1
487	411	1
448	434	1
432	437	1
425	433	1
432	427	1
489	400	1
511	395	1
530	393	1
562	409	1
563	423	1
538	439	1
538	430	1
574	416	1
629	408	1
660	415	1
656	426	1
642	423	1
596	391	0
596	391	0
546	360	0
546	353	0
546	353	0
546	353	0
546	353	0
546	353	0
546	353	0
546	353	0
546	353	0
546	353	0
546	353	0
************TIME_SERIES************
ClassID: 1
TimeSeriesLength: 61
TimeSeriesData: 
546	353	0
546	353	0
546	353	0
546	353	0
546	353	0
546	353	0
546	353	0
546	353	0
546	353	0
546	353	0
546	353	0
546	353	0
546	353	0
546	353	0
546	353	0
546	353	0
546	353	0
546	353	0
546	353	0
546	353	0
546	353	0
392	463	0
383	469	0
359	501	0
359	501	1
422	426	1
449	367	1
445	351	1
424	376	1
399	420	1
395	443	1
419	436	1
464	412	1
474	411	1
442	438	1
420	449	1
427	443	1
477	422	1
489	418	1
560	424	1
547	442	1
532	438	1
534	431	1
569	414	1
632	405	1
662	416	1
639	430	1
625	430	1
605	424	1
585	380	0
553	353	0
522	336	0
515	336	1
515	336	0
515	336	0
515	336	0
515	336	0
515	336	0
515	336	0
515	336	0
515	336	0
************TIME_SERIES************
ClassID: 1
TimeSeriesLength: 71
TimeSeriesData: 
515	336	0
515	336	0
515	336	0
515	336	0
515	336	0
515	336	0
515	336	0
515	336	0
515	336	0
515	336	0
515	336	0
515	336	0
515	336	0
515	336	0
515	336	0
515	336	0
515	336	0
515	336	0
515	336	0
515	336	0
381	444	0
384	448	0
389	457	0
389	463	0
383	477	0
377	482	0
378	496	0
406	475	1
447	419	1
462	390	1
462	368	1
450	374	1
414	407	1
401	425	1
395	452	1
405	454	1
450	436	1
474	427	1
496	428	1
476	446	1
449	451	1
452	441	1
492	419	1
557	407	1
581	410	1
599	428	1
597	433	1
555	439	1
558	431	1
571	425	1
611	418	1
621	417	1
607	419	1
594	415	0
551	376	0
537	360	1
521	350	1
522	350	0
522	350	0
522	350	0
522	350	0
522	350	0
522	350	0
522	350	0
522	350	0
522	350	0
522	350	0
522	350	0
522	350	0
522	350	0
522	350	0
************TIME_SERIES************
ClassID: 1
TimeSeriesLength: 71
TimeSeriesData: 
522	350	0
522	350	0
522	350	0
522	350	0
522	350	0
522	350	0
522	350	0
522	350	0
522	350	0
522	350	0
522	350	0
522	350	0
522	350	0
522	350	0
522	350	0
522	350	0
522	350	0
522	350	0
522	350	0
522	350	0
522	350	0
522	350	0
522	350	0
522	350	0
522	350	0
522	350	0
522	350	0
350	468	0
344	471	0
345	471	0
367	472	0
396	462	1
444	415	1
451	373	1
442	362	1
442	362	1
402	384	1
389	419	1
391	428	1
432	420	1
453	414	1
506	404	1
513	407	1
496	428	1
483	433	1
506	422	1
564	414	1
585	417	1
628	439	1
630	443	1
610	457	1
597	455	1
564	427	1
563	418	1
583	395	1
604	384	0
591	382	0
587	382	1
545	363	1
542	342	1
544	340	0
544	340	0
544	340	0
544	340	0
544	340	0
544	340	0
544	340	0
544	340	0
544	340	0
544	340	0
544	340	0
